subject 1: 
predictions: [array(0, dtype=int64), array(1, dtype=int64), array(0, dtype=int64), array(0, dtype=int64), array(1, dtype=int64), array(1, dtype=int64), array(0, dtype=int64), array(0, dtype=int64), array(0, dtype=int64), array(0, dtype=int64), array(0, dtype=int64), array(1, dtype=int64), array(0, dtype=int64), array(0, dtype=int64), array(0, dtype=int64), array(1, dtype=int64), array(0, dtype=int64), array(1, dtype=int64), array(0, dtype=int64), array(1, dtype=int64), array(1, dtype=int64), array(0, dtype=int64), array(1, dtype=int64), array(0, dtype=int64), array(0, dtype=int64), array(1, dtype=int64), array(1, dtype=int64), array(1, dtype=int64), array(0, dtype=int64), array(1, dtype=int64), array(1, dtype=int64), array(1, dtype=int64), array(0, dtype=int64), array(0, dtype=int64), array(1, dtype=int64), array(0, dtype=int64), array(0, dtype=int64), array(1, dtype=int64), array(1, dtype=int64), array(0, dtype=int64)] 
targets : [array(1.), array(1.), array(1.), array(0.), array(1.), array(1.), array(1.), array(1.), array(0.), array(0.), array(0.), array(0.), array(0.), array(0.), array(0.), array(1.), array(0.), array(1.), array(1.), array(1.), array(1.), array(1.), array(1.), array(1.), array(1.), array(1.), array(1.), array(0.), array(0.), array(0.), array(0.), array(0.), array(0.), array(0.), array(0.), array(0.), array(0.), array(0.), array(0.), array(1.)] 
accuracy score: 0.575 
f1 score: 0.5405405405405405 
 

subject 1: 
predictions: [1 0 1 0 1 1 1 1 0 0 0 0 1 0 0 1 0 0 1 0 1 0 1 1 1 0 1 1 0 0 1 0 1 0 1 0 0
 1 1 0] 
targets : [1 1 1 0 1 1 1 1 0 0 0 0 0 0 0 1 0 1 1 1 1 1 1 1 1 1 1 0 0 0 0 0 0 0 0 0 0
 0 0 1] 
accuracy score: 0.675 
f1 score: 0.6666666666666667 

subject 2: 
predictions: [1 1 1 1 1 0 0 1 1 1 1 1 1 1 1 1 0 1 1 1 1 1 1 0 1 0 0 1 0 0 0 0 0 1 0 1 0
 0 1 1] 
targets : [1 1 1 1 1 0 0 1 1 0 1 1 1 1 1 1 1 1 1 1 0 0 0 1 1 1 0 0 0 0 0 0 0 0 0 1 0
 0 0 1] 
accuracy score: 0.75 
f1 score: 0.7916666666666666 

subject 3: 
predictions: [1 1 1 1 1 1 0 1 1 1 1 0 1 1 0 1 0 1 1 1 1 1 0 0 1 0 1 0 1 1 0 0 0 0 1 0 1
 0 1 0] 
targets : [1 1 1 0 1 1 1 1 1 0 1 1 1 1 1 1 0 1 1 1 0 0 0 0 0 0 1 1 0 0 0 1 0 0 0 1 0
 0 0 1] 
accuracy score: 0.575 
f1 score: 0.6382978723404256 

subject 4: 
predictions: [0 1 1 0 1 0 0 0 0 0 1 1 0 1 1 1 0 0 0 0 0 1 0 0 0 1 1 0 0 0 0 0 1 0 0 0 0
 0 0 0] 
targets : [1 0 1 1 0 1 0 1 1 0 1 1 0 1 1 0 1 0 1 1 0 0 0 0 1 1 1 0 0 0 0 0 0 0 0 0 0
 0 0 0] 
accuracy score: 0.65 
f1 score: 0.5 

subject 5: 
predictions: [1 1 0 1 0 1 1 1 1 0 1 0 0 0 1 0 1 1 1 1 1 0 0 1 1 1 1 1 0 1 1 1 0 0 1 0 1
 1 1 1] 
targets : [1 1 0 1 0 1 1 1 1 0 1 1 0 1 1 1 1 1 1 1 0 1 0 0 1 1 1 0 0 0 1 0 1 1 0 0 0
 0 0 1] 
accuracy score: 0.625 
f1 score: 0.7058823529411765 

subject 6: 
predictions: [1 1 1 1 1 1 1 1 1 1 1 1 1 1 1 1 1 1 1 1 1 1 1 1 1 1 1 1 1 1 1 1 1 1 1 1 1
 1 1 1] 
targets : [1 1 1 1 1 1 1 1 1 1 0 1 1 1 1 1 1 1 1 1 1 1 0 0 1 1 1 1 0 1 0 1 1 0 0 1 0
 0 1 0] 
accuracy score: 0.75 
f1 score: 0.8571428571428571 

subject 7: 
predictions: [1 1 1 1 1 1 1 0 1 1 0 1 1 1 1 1 1 0 1 1 1 1 1 1 1 1 1 1 1 1 1 0 1 1 0 0 1
 1 1 1] 
targets : [1 1 1 1 1 1 1 1 1 1 1 1 1 1 1 0 1 1 1 1 0 0 0 0 0 0 1 0 1 0 1 0 0 0 1 1 1
 1 1 1] 
accuracy score: 0.6 
f1 score: 0.7419354838709677 

subject 8: 
predictions: [1 1 1 1 0 1 1 0 1 1 1 0 0 1 0 0 1 0 1 1 1 1 0 1 0 0 1 0 0 0 0 1 1 1 1 1 1
 1 0 0] 
targets : [1 1 1 1 0 1 1 1 1 0 1 1 1 1 1 0 1 1 1 1 0 0 0 0 0 0 0 1 0 0 0 1 0 1 0 0 1
 0 1 0] 
accuracy score: 0.6 
f1 score: 0.6521739130434783 

subject 9: 
predictions: [1 0 0 1 1 1 1 0 1 1 1 1 0 1 1 1 1 0 1 1 0 1 0 1 1 0 0 0 0 0 0 0 0 0 1 0 0
 1 0 0] 
targets : [1 1 1 1 0 1 1 1 1 0 1 1 1 1 1 0 1 0 0 1 0 0 0 0 1 0 1 0 0 0 1 0 0 1 0 0 0
 0 0 1] 
accuracy score: 0.6 
f1 score: 0.6 

subject 10: 
predictions: [1 1 0 1 1 1 1 1 1 0 1 1 0 1 0 1 0 1 0 0 1 0 0 1 0 0 0 0 0 0 0 1 0 0 0 0 1
 0 0 1] 
targets : [1 0 1 1 1 1 1 1 1 1 1 1 1 1 1 0 0 1 1 1 0 0 0 1 0 0 0 0 0 0 0 1 0 0 0 0 0
 0 0 1] 
accuracy score: 0.75 
f1 score: 0.7368421052631577 

subject 11: 
predictions: [1 0 1 1 1 1 1 1 1 1 0 1 1 1 1 0 1 0 1 1 1 1 1 1 1 0 1 1 1 0 1 0 1 1 0 1 1
 1 1 1] 
targets : [1 1 1 1 1 1 1 1 1 1 1 1 1 1 1 0 1 1 1 1 0 1 0 0 1 1 0 0 0 0 0 1 1 0 0 0 0
 0 0 0] 
accuracy score: 0.55 
f1 score: 0.6785714285714286 

subject 12: 
predictions: [0 1 0 0 0 1 0 1 0 0 0 0 1 0 1 0 1 1 0 0 0 1 1 0 1 1 1 1 1 0 0 0 0 1 1 0 0
 0 1 0] 
targets : [1 1 1 1 0 1 1 1 1 0 1 1 1 1 1 1 0 1 1 1 0 0 0 0 0 1 1 1 0 0 0 0 0 0 0 0 0
 0 0 1] 
accuracy score: 0.5 
f1 score: 0.4736842105263158 

subject 13: 
predictions: [0 1 1 1 1 1 0 1 1 0 1 1 1 1 1 0 0 1 1 0 0 0 0 0 1 0 1 0 1 0 0 0 0 1 0 0 0
 0 1 0] 
targets : [1 0 1 1 1 0 0 1 1 0 1 1 1 1 0 0 1 1 1 1 0 0 0 0 0 1 1 1 0 0 0 0 0 0 0 0 0
 0 0 0] 
accuracy score: 0.7 
f1 score: 0.6666666666666667 

subject 14: 
predictions: [1 1 1 1 0 1 1 0 1 0 1 1 0 0 1 0 0 0 1 0 0 0 0 0 0 1 0 0 0 0 0 1 0 0 0 0 0
 0 1 1] 
targets : [1 1 1 1 0 1 1 1 1 0 1 1 1 1 1 0 1 1 1 1 0 0 0 0 0 0 1 0 0 0 0 0 0 0 0 0 0
 0 1 1] 
accuracy score: 0.775 
f1 score: 0.7428571428571429 

subject 15: 
predictions: [1 1 0 1 1 1 1 1 1 0 1 1 1 1 1 0 1 0 0 1 0 0 0 0 0 0 1 0 0 0 0 0 1 0 0 1 0
 0 0 0] 
targets : [1 1 1 1 1 1 1 1 1 0 1 1 1 1 1 0 1 1 1 1 0 0 0 0 0 0 1 0 0 0 0 0 0 0 1 0 0
 0 0 0] 
accuracy score: 0.85 
f1 score: 0.8421052631578948 

subject 16: 
predictions: [0 1 1 1 0 1 0 0 1 0 0 0 0 0 0 0 1 0 0 0 0 0 0 0 0 0 0 0 0 1 0 1 0 1 0 0 0
 1 1 0] 
targets : [0 1 1 1 1 0 1 0 0 1 1 1 0 0 0 0 0 1 0 0 0 1 0 0 0 0 0 0 0 1 0 1 0 0 0 1 1
 0 1 0] 
accuracy score: 0.65 
f1 score: 0.4615384615384615 

subject 17: 
predictions: [1 1 1 0 1 1 1 1 1 1 1 0 1 1 1 1 1 0 1 0 1 0 0 0 1 0 1 0 0 1 1 1 1 1 1 0 0
 0 1 1] 
targets : [0 1 1 1 1 1 1 1 1 1 1 1 0 1 1 1 0 1 1 1 0 0 0 0 1 0 0 1 1 0 0 0 0 0 0 0 0
 0 1 1] 
accuracy score: 0.575 
f1 score: 0.6530612244897959 

subject 18: 
predictions: [1 1 0 1 1 1 1 0 1 1 1 1 1 1 1 0 1 1 1 1 0 1 1 1 0 1 1 0 0 0 0 1 1 0 1 0 1
 0 0 0] 
targets : [1 1 1 1 1 1 1 0 1 1 1 1 1 1 1 0 1 1 1 1 0 1 0 0 0 1 1 1 0 0 0 0 0 0 1 1 0
 0 0 0] 
accuracy score: 0.8 
f1 score: 0.8400000000000001 

subject 19: 
predictions: [1 1 1 1 1 1 1 1 0 1 0 1 1 0 1 0 1 0 1 0 0 0 0 0 0 1 1 1 0 1 0 0 1 1 1 0 1
 1 0 0] 
targets : [1 1 1 1 1 1 1 1 1 1 1 1 1 1 1 0 1 1 1 1 0 1 0 0 0 0 0 1 0 0 1 0 0 0 0 0 0
 0 1 0] 
accuracy score: 0.6 
f1 score: 0.6521739130434783 

subject 20: 
predictions: [0 1 1 1 1 1 1 1 1 1 1 1 1 1 0 0 1 1 1 0 0 0 0 0 0 1 0 1 0 1 1 1 1 0 0 0 1
 0 1 0] 
targets : [1 1 1 1 1 1 1 1 1 1 1 1 1 1 1 1 1 1 1 1 0 0 0 0 0 0 1 1 0 0 0 1 0 0 0 0 0
 0 0 0] 
accuracy score: 0.725 
f1 score: 0.7659574468085107 

subject 21: 
predictions: [1 0 1 1 1 1 1 1 1 1 1 1 1 1 0 1 0 1 1 0 1 1 1 1 0 0 0 0 1 1 0 1 1 1 0 1 0
 0 1 1] 
targets : [1 1 0 1 1 1 1 1 1 1 1 0 0 1 1 1 1 1 1 0 0 0 0 0 0 0 0 0 0 0 1 1 1 0 0 1 0
 0 1 0] 
accuracy score: 0.625 
f1 score: 0.6938775510204083 

subject 22: 
predictions: [1 0 0 0 0 0 0 1 0 1 0 0 1 1 0 1 1 1 0 0 1 1 0 0 0 0 0 1 0 0 0 0 0 0 0 1 0
 0 1 0] 
targets : [1 1 1 1 1 0 1 1 1 0 1 0 1 1 0 1 1 1 1 1 0 0 0 0 0 0 1 0 0 0 0 0 0 1 0 0 0
 0 0 0] 
accuracy score: 0.575 
f1 score: 0.45161290322580644 

subject 23: 
predictions: [1 1 1 0 0 0 1 1 1 1 1 1 1 1 1 1 1 1 1 0 0 1 1 1 1 1 1 0 1 1 1 1 0 1 1 1 1
 0 1 1] 
targets : [1 1 1 1 1 1 1 1 1 1 1 1 1 1 1 1 0 1 1 0 0 0 0 1 0 1 1 1 0 0 0 1 1 1 1 0 0
 0 0 0] 
accuracy score: 0.6 
f1 score: 0.7241379310344829 

subject 24: 
predictions: [0 0 0 0 0 1 1 0 1 1 1 0 0 0 0 0 1 1 1 1 0 0 0 0 0 0 1 0 0 1 0 1 0 1 0 0 0
 0 0 0] 
targets : [1 1 1 1 1 1 0 1 1 1 1 1 1 1 1 0 0 1 1 0 0 0 0 0 0 0 1 0 0 0 0 0 1 0 0 0 0
 0 0 0] 
accuracy score: 0.575 
f1 score: 0.45161290322580644 

subject 25: 
predictions: [1 1 0 1 0 1 1 1 1 0 0 1 0 0 0 0 1 0 0 1 0 1 0 1 0 0 0 0 0 1 0 0 0 0 0 0 0
 1 0 0] 
targets : [1 0 1 0 1 0 1 1 1 0 1 1 1 1 1 1 1 0 1 1 1 1 0 0 0 0 1 1 0 0 0 0 0 0 0 0 0
 0 0 0] 
accuracy score: 0.575 
f1 score: 0.48484848484848486 

subject 26: 
predictions: [1 1 0 1 1 0 1 1 1 1 1 0 1 1 1 1 1 1 1 1 1 1 1 1 1 1 1 1 1 0 0 1 1 1 1 0 1
 1 1 0] 
targets : [1 1 1 1 0 1 1 1 1 0 1 1 1 1 1 1 1 1 1 1 1 1 0 1 1 1 1 1 1 0 0 0 0 0 0 0 0
 0 0 0] 
accuracy score: 0.675 
f1 score: 0.7796610169491526 

subject 27: 
predictions: [0 1 1 1 1 1 1 1 1 1 1 1 1 1 0 1 1 1 1 1 1 0 1 1 0 1 1 1 1 1 1 1 1 1 1 1 1
 1 1 1] 
targets : [1 1 1 1 0 1 0 1 1 1 1 0 1 1 1 1 1 1 1 1 1 1 1 1 0 1 0 1 1 1 1 1 1 0 0 1 0
 0 0 1] 
accuracy score: 0.7 
f1 score: 0.8181818181818182 

subject 28: 
predictions: [1 1 1 0 1 1 1 1 1 1 1 1 1 1 1 1 1 1 1 1 1 0 1 1 0 1 1 1 1 0 0 1 1 1 1 1 1
 1 0 1] 
targets : [1 1 1 1 1 1 1 1 1 1 1 1 0 1 1 1 1 1 1 1 0 1 0 0 0 0 1 0 0 0 1 0 1 1 0 0 0
 0 0 1] 
accuracy score: 0.625 
f1 score: 0.7457627118644068 

subject 29: 
predictions: [0 0 1 0 1 1 1 1 0 1 0 1 1 1 0 0 1 0 1 0 0 1 0 0 0 0 1 0 0 0 0 0 1 1 1 0 1
 1 1 1] 
targets : [1 1 1 1 1 1 1 1 1 1 1 1 1 1 0 0 1 1 1 1 0 0 0 0 0 0 1 0 0 0 0 0 0 0 0 1 1
 0 1 1] 
accuracy score: 0.675 
f1 score: 0.6976744186046512 

subject 30: 
predictions: [0 1 1 1 1 1 1 1 0 1 1 1 1 1 1 1 1 1 1 1 1 1 1 1 1 0 1 0 1 1 1 1 1 1 1 1 1
 1 1 1] 
targets : [1 1 1 1 1 1 0 1 1 1 1 1 0 1 1 1 1 1 1 1 0 0 0 1 0 1 1 1 1 0 0 1 0 0 1 0 0
 1 0 1] 
accuracy score: 0.575 
f1 score: 0.7301587301587301 

subject 31: 
predictions: [1 0 1 1 0 0 0 1 1 1 0 1 1 1 0 0 1 0 0 1 1 1 0 1 1 1 1 1 1 1 1 1 1 0 1 1 0
 1 1 1] 
targets : [1 1 1 1 1 0 1 1 1 0 1 1 1 1 1 1 0 1 1 1 1 1 0 0 1 1 0 1 1 0 0 0 0 0 0 0 0
 0 0 0] 
accuracy score: 0.475 
f1 score: 0.5882352941176471 

subject 32: 
predictions: [0 0 1 1 0 0 0 1 1 0 1 1 1 1 1 0 1 0 0 1 0 1 0 0 0 0 1 1 0 0 0 1 0 1 1 0 0
 0 0 0] 
targets : [1 0 1 1 1 1 0 1 1 0 1 1 1 1 1 0 1 1 1 1 0 0 0 0 0 1 1 1 0 0 0 0 0 0 0 0 0
 0 0 1] 
accuracy score: 0.725 
f1 score: 0.7027027027027027 

Execution time: 397.00 minutes
subject 1: 
predictions: [0 1 0 0 1 1 0 0 1 1 0 0 1 0 0 1 0 1 1 1 1 1 0 0 0 0 0 1 0 1 1 0 1 0 0 0 0
 1 1 1] 
targets : [1 1 1 0 1 1 1 1 0 0 0 0 0 0 0 1 0 1 1 1 1 1 1 1 1 1 1 0 0 0 0 0 0 0 0 0 0
 0 0 1] 
accuracy score: 0.55 
f1 score: 0.5263157894736842 

subject 2: 
predictions: [1 1 1 1 1 0 0 1 1 1 1 1 1 1 1 1 1 1 0 0 1 1 1 0 1 0 1 1 0 0 0 0 1 1 0 0 0
 0 1 1] 
targets : [1 1 1 1 1 0 0 1 1 0 1 1 1 1 1 1 1 1 1 1 0 0 0 1 1 1 0 0 0 0 0 0 0 0 0 1 0
 0 0 1] 
accuracy score: 0.65 
f1 score: 0.7083333333333333 

subject 3: 
predictions: [0 1 1 1 1 1 0 1 1 1 1 0 1 1 1 1 0 1 1 1 1 1 0 1 1 0 0 0 1 1 1 1 0 0 0 0 0
 0 1 0] 
targets : [1 1 1 0 1 1 1 1 1 0 1 1 1 1 1 1 0 1 1 1 0 0 0 0 0 0 1 1 0 0 0 1 0 0 0 1 0
 0 0 1] 
accuracy score: 0.575 
f1 score: 0.6382978723404256 

subject 4: 
predictions: [1 1 1 0 1 0 0 0 0 0 0 1 0 1 1 0 1 0 1 1 0 1 0 0 0 1 1 0 0 0 0 0 1 0 0 0 0
 0 0 0] 
targets : [1 0 1 1 0 1 0 1 1 0 1 1 0 1 1 0 1 0 1 1 0 0 0 0 1 1 1 0 0 0 0 0 0 0 0 0 0
 0 0 0] 
accuracy score: 0.75 
f1 score: 0.6666666666666666 

subject 5: 
predictions: [1 1 0 1 1 1 0 1 1 0 1 1 0 0 1 0 1 1 1 1 1 0 0 0 1 1 0 1 0 1 1 1 1 0 0 0 1
 1 1 1] 
targets : [1 1 0 1 0 1 1 1 1 0 1 1 0 1 1 1 1 1 1 1 0 1 0 0 1 1 1 0 0 0 1 0 1 1 0 0 0
 0 0 1] 
accuracy score: 0.65 
f1 score: 0.7199999999999999 

subject 6: 
predictions: [1 1 1 1 1 1 1 1 1 1 1 1 1 1 1 1 1 1 1 0 1 1 1 1 1 1 1 1 1 1 1 1 1 1 1 1 1
 1 1 1] 
targets : [1 1 1 1 1 1 1 1 1 1 0 1 1 1 1 1 1 1 1 1 1 1 0 0 1 1 1 1 0 1 0 1 1 0 0 1 0
 0 1 0] 
accuracy score: 0.725 
f1 score: 0.8405797101449275 

subject 7: 
predictions: [1 1 1 1 1 1 1 1 1 1 1 0 1 1 1 1 1 0 1 1 0 1 1 1 1 1 1 1 1 1 1 1 1 1 0 0 1
 1 1 1] 
targets : [1 1 1 1 1 1 1 1 1 1 1 1 1 1 1 0 1 1 1 1 0 0 0 0 0 0 1 0 1 0 1 0 0 0 1 1 1
 1 1 1] 
accuracy score: 0.625 
f1 score: 0.7619047619047619 

subject 8: 
predictions: [1 1 1 1 0 0 1 0 1 1 1 0 0 1 1 0 0 1 1 1 1 1 0 1 1 0 1 0 0 0 0 1 0 0 1 1 1
 1 0 0] 
targets : [1 1 1 1 0 1 1 1 1 0 1 1 1 1 1 0 1 1 1 1 0 0 0 0 0 0 0 1 0 0 0 1 0 1 0 0 1
 0 1 0] 
accuracy score: 0.575 
f1 score: 0.6222222222222223 

subject 9: 
predictions: [0 1 1 0 1 1 1 0 0 1 1 1 1 1 1 1 1 0 1 1 0 1 0 1 1 0 0 0 0 0 0 0 0 0 1 0 0
 1 0 0] 
targets : [1 1 1 1 0 1 1 1 1 0 1 1 1 1 1 0 1 0 0 1 0 0 0 0 1 0 1 0 0 0 1 0 0 1 0 0 0
 0 0 1] 
accuracy score: 0.6 
f1 score: 0.6 

subject 10: 
predictions: [1 0 0 1 1 1 1 1 1 0 1 1 0 0 0 1 0 1 1 0 1 0 0 1 0 0 0 1 0 0 0 1 0 0 0 0 1
 1 0 1] 
targets : [1 0 1 1 1 1 1 1 1 1 1 1 1 1 1 0 0 1 1 1 0 0 0 1 0 0 0 0 0 0 0 1 0 0 0 0 0
 0 0 1] 
accuracy score: 0.725 
f1 score: 0.717948717948718 

subject 11: 
predictions: [0 1 1 1 0 1 1 1 1 1 1 1 1 1 1 0 0 0 1 1 1 0 1 1 1 1 0 1 1 1 1 0 1 1 1 1 1
 1 0 1] 
targets : [1 1 1 1 1 1 1 1 1 1 1 1 1 1 1 0 1 1 1 1 0 1 0 0 1 1 0 0 0 0 0 1 1 0 0 0 0
 0 0 0] 
accuracy score: 0.525 
f1 score: 0.6545454545454547 

subject 12: 
predictions: [1 1 0 0 0 1 1 0 0 0 1 0 1 0 1 0 0 0 1 1 0 1 0 0 0 1 1 1 1 0 0 0 0 0 0 0 1
 0 0 0] 
targets : [1 1 1 1 0 1 1 1 1 0 1 1 1 1 1 1 0 1 1 1 0 0 0 0 0 1 1 1 0 0 0 0 0 0 0 0 0
 0 0 1] 
accuracy score: 0.7 
f1 score: 0.6666666666666666 

subject 13: 
predictions: [0 1 1 1 1 0 0 0 1 0 1 1 1 1 1 0 0 1 1 1 0 0 0 0 1 0 0 0 0 0 0 0 0 0 0 0 0
 0 1 0] 
targets : [1 0 1 1 1 0 0 1 1 0 1 1 1 1 0 0 1 1 1 1 0 0 0 0 0 1 1 1 0 0 0 0 0 0 0 0 0
 0 0 0] 
accuracy score: 0.75 
f1 score: 0.6875 

subject 14: 
predictions: [1 1 1 1 1 1 1 0 1 0 0 1 0 0 1 1 1 0 1 0 0 1 0 0 0 1 0 0 1 0 0 1 0 0 0 0 0
 0 1 1] 
targets : [1 1 1 1 0 1 1 1 1 0 1 1 1 1 1 0 1 1 1 1 0 0 0 0 0 0 1 0 0 0 0 0 0 0 0 0 0
 0 1 1] 
accuracy score: 0.675 
f1 score: 0.6666666666666667 

subject 15: 
predictions: [1 1 0 1 1 1 0 1 1 0 1 1 1 1 1 1 1 0 0 1 0 0 0 0 0 0 0 0 0 0 0 0 1 0 0 1 0
 0 0 0] 
targets : [1 1 1 1 1 1 1 1 1 0 1 1 1 1 1 0 1 1 1 1 0 0 0 0 0 0 1 0 0 0 0 0 0 0 1 0 0
 0 0 0] 
accuracy score: 0.775 
f1 score: 0.7567567567567567 

subject 16: 
predictions: [0 1 1 1 1 1 0 0 1 0 0 0 0 0 0 0 0 0 0 0 0 0 0 0 0 0 0 0 0 0 0 1 1 1 0 0 0
 0 1 0] 
targets : [0 1 1 1 1 0 1 0 0 1 1 1 0 0 0 0 0 1 0 0 0 1 0 0 0 0 0 0 0 1 0 1 0 0 0 1 1
 0 1 0] 
accuracy score: 0.675 
f1 score: 0.48 

subject 17: 
predictions: [1 1 1 1 0 1 0 0 0 1 1 0 1 1 1 1 1 1 1 0 0 0 0 0 1 0 0 1 0 1 1 1 1 1 1 0 1
 0 1 0] 
targets : [0 1 1 1 1 1 1 1 1 1 1 1 0 1 1 1 0 1 1 1 0 0 0 0 1 0 0 1 1 0 0 0 0 0 0 0 0
 0 1 1] 
accuracy score: 0.55 
f1 score: 0.6086956521739131 

subject 18: 
predictions: [1 1 0 1 1 1 1 0 1 1 1 1 1 1 1 0 1 1 1 1 0 1 1 0 0 1 0 0 0 0 0 1 1 0 1 0 0
 0 0 0] 
targets : [1 1 1 1 1 1 1 0 1 1 1 1 1 1 1 0 1 1 1 1 0 1 0 0 0 1 1 1 0 0 0 0 0 0 1 1 0
 0 0 0] 
accuracy score: 0.825 
f1 score: 0.851063829787234 

subject 19: 
predictions: [0 1 1 1 1 1 1 1 0 1 0 1 1 1 1 0 1 0 1 0 1 1 0 0 0 1 1 0 0 1 0 1 1 1 0 1 0
 1 0 0] 
targets : [1 1 1 1 1 1 1 1 1 1 1 1 1 1 1 0 1 1 1 1 0 1 0 0 0 0 0 1 0 0 1 0 0 0 0 0 0
 0 1 0] 
accuracy score: 0.575 
f1 score: 0.6382978723404256 

subject 20: 
predictions: [0 1 1 1 1 1 0 1 1 1 1 1 1 1 1 0 0 1 1 0 0 0 0 0 0 1 0 1 0 1 1 1 0 0 0 1 1
 0 1 0] 
targets : [1 1 1 1 1 1 1 1 1 1 1 1 1 1 1 1 1 1 1 1 0 0 0 0 0 0 1 1 0 0 0 1 0 0 0 0 0
 0 0 0] 
accuracy score: 0.7 
f1 score: 0.7391304347826085 

subject 21: 
predictions: [1 0 1 0 1 1 1 1 1 1 1 1 1 0 0 1 0 1 0 1 1 1 1 1 1 0 0 0 1 1 0 1 0 1 0 1 0
 0 0 1] 
targets : [1 1 0 1 1 1 1 1 1 1 1 0 0 1 1 1 1 1 1 0 0 0 0 0 0 0 0 0 0 0 1 1 1 0 0 1 0
 0 1 0] 
accuracy score: 0.45 
f1 score: 0.5217391304347826 

subject 22: 
predictions: [1 0 0 1 0 1 0 1 0 1 0 0 0 1 0 0 1 1 1 0 0 1 0 0 0 0 0 0 0 0 0 0 0 1 0 1 0
 0 0 0] 
targets : [1 1 1 1 1 0 1 1 1 0 1 0 1 1 0 1 1 1 1 1 0 0 0 0 0 0 1 0 0 0 0 0 0 1 0 0 0
 0 0 0] 
accuracy score: 0.65 
f1 score: 0.5333333333333333 

subject 23: 
predictions: [1 1 1 0 0 1 1 1 0 0 1 1 1 1 1 1 1 1 1 1 1 0 1 1 1 1 1 1 0 1 0 1 1 1 1 1 1
 1 0 1] 
targets : [1 1 1 1 1 1 1 1 1 1 1 1 1 1 1 1 0 1 1 0 0 0 0 1 0 1 1 1 0 0 0 1 1 1 1 0 0
 0 0 0] 
accuracy score: 0.65 
f1 score: 0.7586206896551724 

subject 24: 
predictions: [0 0 0 1 0 1 1 1 1 0 0 1 0 0 0 0 1 0 0 1 0 0 1 0 0 0 0 0 0 0 0 0 0 1 0 0 0
 0 0 1] 
targets : [1 1 1 1 1 1 0 1 1 1 1 1 1 1 1 0 0 1 1 0 0 0 0 0 0 0 1 0 0 0 0 0 1 0 0 0 0
 0 0 0] 
accuracy score: 0.525 
f1 score: 0.3448275862068966 

subject 25: 
predictions: [1 0 0 1 1 1 1 0 0 0 1 1 0 0 1 0 1 1 0 1 0 1 1 1 0 0 0 0 0 1 1 0 1 0 0 0 0
 0 1 0] 
targets : [1 0 1 0 1 0 1 1 1 0 1 1 1 1 1 1 1 0 1 1 1 1 0 0 0 0 1 1 0 0 0 0 0 0 0 0 0
 0 0 0] 
accuracy score: 0.525 
f1 score: 0.4864864864864865 

subject 26: 
predictions: [0 1 0 1 1 0 1 1 0 1 1 1 1 1 1 0 1 1 0 1 1 1 1 1 1 0 1 0 1 1 1 0 1 1 1 1 1
 1 0 1] 
targets : [1 1 1 1 0 1 1 1 1 0 1 1 1 1 1 1 1 1 1 1 1 1 0 1 1 1 1 1 1 0 0 0 0 0 0 0 0
 0 0 0] 
accuracy score: 0.5 
f1 score: 0.6428571428571429 

subject 27: 
predictions: [0 1 1 1 1 1 1 1 1 1 1 1 1 1 1 1 1 1 1 0 1 0 1 1 1 0 1 1 1 1 1 0 0 1 1 1 1
 1 1 1] 
targets : [1 1 1 1 0 1 0 1 1 1 1 0 1 1 1 1 1 1 1 1 1 1 1 1 0 1 0 1 1 1 1 1 1 0 0 1 0
 0 0 1] 
accuracy score: 0.6 
f1 score: 0.7500000000000001 

subject 28: 
predictions: [1 1 1 0 1 1 1 0 1 1 1 1 1 1 1 0 0 1 1 1 1 0 0 1 0 1 1 0 0 0 0 0 0 1 0 0 0
 1 1 1] 
targets : [1 1 1 1 1 1 1 1 1 1 1 1 0 1 1 1 1 1 1 1 0 1 0 0 0 0 1 0 0 0 1 0 1 1 0 0 0
 0 0 1] 
accuracy score: 0.675 
f1 score: 0.7346938775510204 

subject 29: 
predictions: [0 1 1 0 1 1 1 1 0 1 1 1 1 1 0 0 1 0 1 1 0 0 0 0 1 0 1 0 0 1 0 1 1 1 1 0 1
 1 1 1] 
targets : [1 1 1 1 1 1 1 1 1 1 1 1 1 1 0 0 1 1 1 1 0 0 0 0 0 0 1 0 0 0 0 0 0 0 0 1 1
 0 1 1] 
accuracy score: 0.7 
f1 score: 0.7499999999999999 

subject 30: 
predictions: [0 1 1 1 1 1 1 1 0 1 1 1 1 0 1 0 1 0 1 1 0 1 1 0 1 1 0 0 1 1 1 1 1 1 1 1 1
 1 1 1] 
targets : [1 1 1 1 1 1 0 1 1 1 1 1 0 1 1 1 1 1 1 1 0 0 0 1 0 1 1 1 1 0 0 1 0 0 1 0 0
 1 0 1] 
accuracy score: 0.5 
f1 score: 0.6551724137931035 

subject 31: 
predictions: [1 0 0 1 1 1 0 1 1 1 0 1 1 0 1 0 0 1 1 1 1 1 1 1 1 1 1 1 1 1 1 1 0 1 1 1 0
 0 1 1] 
targets : [1 1 1 1 1 0 1 1 1 0 1 1 1 1 1 1 0 1 1 1 1 1 0 0 1 1 0 1 1 0 0 0 0 0 0 0 0
 0 0 0] 
accuracy score: 0.525 
f1 score: 0.6415094339622641 

subject 32: 
predictions: [0 0 0 0 0 1 0 1 1 0 1 1 1 1 1 0 1 1 1 1 0 1 1 0 0 0 1 1 0 0 0 1 0 1 1 1 0
 0 0 1] 
targets : [1 0 1 1 1 1 0 1 1 0 1 1 1 1 1 0 1 1 1 1 0 0 0 0 0 1 1 1 0 0 0 0 0 0 0 0 0
 0 0 1] 
accuracy score: 0.725 
f1 score: 0.7317073170731706 

Execution time: 2523.00 minutes
subject 1: 
predictions: [0 0 1 0 0 0 0 0 0 1 0 1 1 0 0 0 0 0 1 1 1 0 0 1 0 0 0 1 1 0 1 0 0 0 1 0 1
 1 1 1] 
targets : [1 1 1 0 1 1 1 1 0 0 0 0 0 0 0 1 0 1 1 1 1 1 1 1 1 1 1 0 0 0 0 0 0 0 0 0 0
 0 0 1] 
accuracy score: 0.425 
f1 score: 0.34285714285714286 

subject 1: 
predictions: [0 1 0 0 0 0 1 0 0 0 0 1 1 0 1 1 1 0 0 0 0 0 0 1 1 0 0 0 0 1 0 0 0 0 1 0 1
 1 0 0 0 0 1 0 1 1 0 0 0 1 0 0 0 0 0 0 0 0 0 0 0 0 0 0 0 0 1 0 0 1 1 0 0 0
 1 1 1 0 0 0 0 0 0 0 0 0 1 0 1 1 1 0 1 0 0 0 1 0 0 0 0 0 1 1 0 1 1 0 0 1 0
 1 0 1 1 0 0 0 1 1 0 0 1 1 1 0 0 0 0 1 1 0 1 0 0 0 0 0 0 0 0 0 0 0 0 0 1 0
 0 1 0 1 0 1 1 0 1 1 1 1 0 0 0 0 1 1 0 1 1 0 1 1 1 1 0 1 0 0 0 0 0 1 0 1 1
 1 1 1 0 0 0 0 1 0 0 0 0 0 0 1 0 1 1 0 1 0 1 1 0 0 0 1 0 1 1 0 1 1 0 0 1 0
 1 1 0 0 1 0 0 0 0 0 0 0 0 1 0 0 0 1 0 1 1 0 0 0 0 0 0 0 1 0 1 1 0 1 1 0 0
 1 0 0 0 0 0 0 0 1 0 1 0 0 0 1 1 0 0 0 0 0 0 1 0 1 0 1 0 0 1 0 0 0 0 0 0 0
 1 0 0 1 0 1 1 0 0 0 0 1 1 0 1 1 1 0 1 0 0 1 0 0 0 0 0 0 0 0 0 0 0 0 0 0 1
 0 0 0 0 0 0 0 0 0 0 1 0 0 1 0 0 0 0 0 0 0 0 0 0 0 0 0 0 1 0 0 0 1 0 0 1 0
 0 0 0 0 0 0 1 0 0 0 0 0 0 0 0 1 1 0 0 0 0 0 0 0 0 1 0 0 0 0] 
targets : [0 1 0 1 1 1 1 0 0 0 1 0 0 0 1 0 0 0 0 0 1 1 1 0 0 0 1 0 0 0 1 1 0 0 0 1 1
 1 0 0 1 1 1 0 0 1 1 1 1 0 1 1 0 1 1 0 0 0 1 1 1 1 1 1 1 1 0 0 0 0 1 1 1 0
 0 1 1 1 0 0 1 1 1 0 0 1 1 1 1 0 1 0 0 1 0 0 0 0 0 0 1 1 1 1 0 1 1 1 1 0 0
 1 0 0 1 1 1 0 0 0 1 1 1 0 0 0 1 1 1 1 1 0 0 0 1 1 1 1 0 0 1 1 1 1 0 0 0 0
 0 0 1 0 0 0 0 0 1 0 0 0 0 1 1 1 0 1 1 0 0 0 1 1 0 0 0 1 0 0 0 1 1 0 1 0 1
 0 0 0 0 0 0 1 1 0 0 0 0 0 0 0 0 1 0 0 0 1 1 1 1 0 1 1 1 1 1 1 0 0 0 0 1 1
 1 0 0 1 0 0 0 0 1 0 0 0 1 1 0 0 0 0 1 0 1 1 1 1 0 0 0 0 0 0 0 1 1 0 0 0 0
 1 1 0 1 0 0 0 1 1 0 0 1 1 1 0 0 1 1 1 0 0 1 1 1 0 0 0 1 1 0 0 0 0 0 0 1 1
 1 0 0 1 1 0 1 1 1 1 1 0 0 0 1 0 0 0 0 1 1 1 0 0 0 0 1 1 1 1 1 1 0 0 1 1 1
 0 1 0 0 0 1 1 1 1 0 1 0 1 1 1 0 0 1 1 0 0 1 1 0 0 0 0 1 0 0 1 1 1 0 0 0 1
 1 0 0 0 0 0 1 1 1 0 1 1 0 1 1 1 0 0 0 1 1 1 1 1 0 0 0 0 0 0] 
accuracy score: 0.485 
f1 score: 0.34394904458598724 

Execution time: 35.00 minutes


4 bands
leave-one-trial-out
date and time: 09/29/2022, 11:35:04

label type: valence
subject number 1:
0.8292372881355933 , 0.3899099407501447 
subject number 2:
0.8478813559322033 , 0.5322545857392529 
subject number 3:
0.8775423728813558 , 0.5367129200628706 
subject number 4:
0.8915254237288135 , 0.34328067699230846 
subject number 5:
0.7699152542372882 , 0.5863966188419408 
subject number 6:
0.7563559322033898 , 0.7495726495726496 
subject number 7:
0.7783898305084745 , 0.6989242558208075 
subject number 8:
0.8088983050847457 , 0.5090713797249888 
subject number 9:
0.8555084745762713 , 0.4534989609444852 
subject number 10:
0.9271186440677965 , 0.47758078701327855 
subject number 11:
0.8177966101694916 , 0.5939700946126631 
subject number 12:
0.8728813559322035 , 0.4730579219003504 
subject number 13:
0.8029661016949152 , 0.24782457374369135 
subject number 14:
0.9169491525423729 , 0.4751957370917861 
subject number 15:
0.8902542372881357 , 0.470968718736977 
subject number 16:
0.8245762711864406 , 0.2431183342115078 
subject number 17:
0.7805084745762711 , 0.5391644466788605 
subject number 18:
0.8555084745762713 , 0.5801578655561835 
subject number 19:
0.7872881355932203 , 0.5528364959106964 
subject number 20:
0.8932203389830509 , 0.5596585603097861 
subject number 21:
0.8016949152542374 , 0.4984603037911608 
subject number 22:
0.8673728813559322 , 0.36128298447400103 
subject number 23:
0.7724576271186441 , 0.6403917139035539 
subject number 24:
0.8220338983050848 , 0.3463065139363108 
subject number 25:
0.8495762711864409 , 0.376179485764996 
subject number 26:
0.7377118644067797 , 0.6447661838181545 
subject number 27:
0.8114406779661018 , 0.748272081907764 
subject number 28:
0.8398305084745763 , 0.6173228520559386 
subject number 29:
0.7779661016949152 , 0.5412519212193786 
subject number 30:
0.7004237288135593 , 0.6719675384979575 
subject number 31:
0.7915254237288136 , 0.550949960913014 
subject number 32:
0.7822033898305085 , 0.44363651578288865 

label type: arousal
subject number 1:
0.8131355932203391 , 0.40045281384828285 
subject number 2:
0.8572033898305087 , 0.5303858858357053 
subject number 3:
0.8711864406779661 , 0.533925748393014 
subject number 4:
0.8766949152542374 , 0.32985306908067497 
subject number 5:
0.7889830508474576 , 0.5900787032212718 
subject number 6:
0.75 , 0.75 
subject number 7:
0.7652542372881356 , 0.6974024526198439 
subject number 8:
0.8322033898305085 , 0.5191178509347173 
subject number 9:
0.8868644067796609 , 0.46133918336346946 
subject number 10:
0.8936440677966102 , 0.4514816131112619 
subject number 11:
0.8203389830508474 , 0.5929173413742971 
subject number 12:
0.9025423728813561 , 0.4960225529988257 
subject number 13:
0.8207627118644067 , 0.2691635534602261 
subject number 14:
0.9059322033898305 , 0.4643254420111195 
subject number 15:
0.8847457627118643 , 0.46914810681245456 
subject number 16:
0.8237288135593219 , 0.23291849567380485 
subject number 17:
0.7203389830508475 , 0.5276649193355513 
subject number 18:
0.8546610169491526 , 0.590590269297487 
subject number 19:
0.8114406779661018 , 0.553689579136002 
subject number 20:
0.8847457627118643 , 0.5513536684122446 
subject number 21:
0.7805084745762711 , 0.4887388984953828 
subject number 22:
0.865677966101695 , 0.36220351976124754 
subject number 23:
0.7639830508474577 , 0.6376538231647519 
subject number 24:
0.8118644067796611 , 0.32947669696201237 
subject number 25:
0.8385593220338983 , 0.38734459192991527 
subject number 26:
0.7563559322033899 , 0.6456590124497542 
subject number 27:
0.7974576271186441 , 0.7467348527347399 
subject number 28:
0.8118644067796611 , 0.6161393473981767 
subject number 29:
0.829237288135593 , 0.5553659936058655 
subject number 30:
0.7453389830508474 , 0.6701976235617157 
subject number 31:
0.8364406779661018 , 0.5555715230864096 
subject number 32:
0.7377118644067797 , 0.4167490748968249 

label type: dominance
subject number 1:
0.8322033898305087 , 0.5923212526164607 
subject number 2:
0.7771186440677966 , 0.5929458795777446 
subject number 3:
0.8254237288135593 , 0.03863927462480594 
subject number 4:
0.8470338983050848 , 0.3054507052887819 
subject number 5:
0.773728813559322 , 0.35836996478714883 
subject number 6:
0.7652542372881357 , 0.2521589351531023 
subject number 7:
0.8012711864406779 , 0.6192646994807098 
subject number 8:
0.7686440677966102 , 0.5501866263557302 
subject number 9:
0.7792372881355932 , 0.5889687451845682 
subject number 10:
0.8423728813559321 , 0.5341937524870876 
subject number 11:
0.8334745762711865 , 0.24949942093504082 
subject number 12:
0.825 , 0.825 
subject number 13:
0.8584745762711865 , 0.85 
subject number 14:
0.7686440677966102 , 0.6726348364279399 
subject number 15:
0.8572033898305085 , 0.4123074705125357 
subject number 16:
0.8351694915254239 , 0.4190500687453481 
subject number 17:
0.8258474576271186 , 0.5906070510533994 
subject number 18:
0.7360169491525423 , 0.6193245126955828 
subject number 19:
0.7330508474576272 , 0.6693394411288021 
subject number 20:
0.7970338983050848 , 0.7734969053934571 
subject number 21:
0.8025423728813561 , 0.8 
subject number 22:
0.7385593220338983 , 0.5923481583736292 
subject number 23:
0.8588983050847456 , 0.13379324519040842 
subject number 24:
0.8271186440677966 , 0.825 
subject number 25:
0.7521186440677966 , 0.7243589743589743 
subject number 26:
0.7317796610169492 , 0.24786016698128618 
subject number 27:
0.8313559322033898 , 0.6676232649532183 
subject number 28:
0.7923728813559322 , 0.3431974969195338 
subject number 29:
0.7805084745762711 , 0.6033601490323595 
subject number 30:
0.7932203389830509 , 0.3781363892976793 
subject number 31:
0.8233050847457626 , 0.3810124226208106 
subject number 32:
0.8165254237288136 , 0.6715060535041258 



4 bands
leave-one-trial-out
date and time: 10/03/2022, 02:20:04

label type: valence
subject number 1:
0.8207627118644067/0.21800878341629557 , 0.3996404078973089/0.45483126781245514 
subject number 2:
0.8059322033898304/0.31169740370063154 , 0.5293187688790374/0.48039384369714644 
subject number 3:
0.8805084745762712/0.2219287498469232 , 0.5399364115700532/0.4885412213853861 
subject number 4:
0.8440677966101694/0.2458269933466562 , 0.2959211101815137/0.4111708734555996 
subject number 5:
0.766949152542373/0.33691636951321285 , 0.5932168853294474/0.4845122343727266 
subject number 6:
0.7542372881355932/0.4260276623522728 , 0.75/0.4330127018922193 
subject number 7:
0.7584745762711864/0.39274426908872856 , 0.6997863247863247/0.4581196082886821 
subject number 8:
0.791949152542373/0.18824197252028588 , 0.5067856563839843/0.45989520324934846 
subject number 9:
0.8843220338983052/0.1738791205924243 , 0.46277230377845857/0.46867555750980217 
subject number 10:
0.8936440677966102/0.2055320622493427 , 0.4378872698910339/0.4656873653001125 
subject number 11:
0.8131355932203391/0.26552586676929457 , 0.5934115716097347/0.48469442309678556 
subject number 12:
0.8533898305084747/0.12544376844030797 , 0.4670258409615875/0.4495826095815208 
subject number 13:
0.7983050847457627/0.3667798176634272 , 0.24621002956770638/0.42016503639097247 
subject number 14:
0.9131355932203391/0.09774735857014444 , 0.47033773532727813/0.4724095250996844 
subject number 15:
0.8838983050847457/0.17407159238678233 , 0.4522391487942487/0.47757644524512444 
subject number 16:
0.7970338983050849/0.34915845601376727 , 0.20382867721608347/0.37978174897413974 
subject number 17:
0.7449152542372881/0.34436302771610006 , 0.5330222125425407/0.4836602295600027 
subject number 18:
0.8872881355932204/0.20509700201505748 , 0.5868619449393746/0.48009570853526784 
subject number 19:
0.7889830508474577/0.2713704354628943 , 0.5561062589993107/0.4789377948707572 
subject number 20:
0.8792372881355932/0.12542301305338596 , 0.5544196365976355/0.4776034982402211 
subject number 21:
0.7872881355932204/0.1765866635842506 , 0.49122653488889867/0.4697311898045349 
subject number 22:
0.8457627118644069/0.24593214498474936 , 0.35400060832830815/0.447626011318031 
subject number 23:
0.747457627118644/0.36010069133511635 , 0.6355533796481964/0.4667918924703968 
subject number 24:
0.798728813559322/0.2727757322690373 , 0.31898775240690663/0.4190954943879677 
subject number 25:
0.860593220338983/0.22375088167998602 , 0.38996034318523953/0.4566216352914144 
subject number 26:
0.7334745762711865/0.3674681713259825 , 0.6445611742037214/0.47308513080713155 
subject number 27:
0.8084745762711865/0.3288135593220339 , 0.7474100129422468/0.4315632797986967 
subject number 28:
0.8453389830508474/0.21473270263819608 , 0.6136704825236305/0.47571718602801727 
subject number 29:
0.7864406779661017/0.21671730195968933 , 0.5482113651560051/0.47258531025838485 
subject number 30:
0.7182203389830508/0.4170264414379189 , 0.6739204756596061/0.46764603024746376 
subject number 31:
0.7733050847457628/0.31256570696747427 , 0.5608630113895752/0.48245855639561075 
subject number 32:
0.7703389830508474/0.2027160449656782 , 0.4159038216340192/0.4441262776329341 



4 bands
leave-one-trial-out
date and time: 10/03/2022, 20:42:29


label type: valence

subject number 1:



4 bands
leave-one-trial-out
date and time: 10/03/2022, 20:45:16


label type: valence

subject number 1:



4 bands
leave-one-trial-out
date and time: 10/03/2022, 20:46:17


label type: valence

subject number 1:

